0.031880
0.014870
0.012110
0.011920
0.018950
0.012250
0.002690
0.007540
0.006080
0.003880
0.006020
0.006050
0.005810
0.012780
0.004530
0.005040
0.011310
0.007350
0.008500
0.006370
0.008400
0.006270
0.006480
0.010950
0.020910
0.008070
0.002500
0.008390
0.013670
0.005360
0.049750
0.006770
0.006360
0.005450
0.002770
0.004690
0.004220
0.004760
0.012910
0.006000
0.007260
0.004330
0.012320
0.005870
0.002900
0.004310
0.007120
0.014280
0.003150
0.003420
0.009910
0.007580
0.016210
0.006180
0.002920
0.006980
0.002620
0.008060
0.012790
0.003970
0.013640
0.003800
0.003010
0.014470
0.015610
0.002540
0.007280
0.010610
2.087740
1.094070
0.093620
0.008560
0.005640
0.003750
0.003810
0.006840
0.003440
0.005490
0.002910
0.005220
0.014620
0.004430
0.009360
0.008200
0.006450
0.005980
0.007640
0.012250
0.004660
0.006250
0.007650
0.004800
0.004590
0.009120
0.009440
0.003910
0.005490
0.006880
0.003880
0.003120
0.013370
0.003700
0.002010
0.004900
0.006720
0.009360
0.007230
0.004900
0.006190
0.005190
0.003420
0.003980
0.003530
0.003700
0.003350
0.003370
0.004790
0.006790
0.008370
0.004210
0.004530
0.008040
0.014700
0.009420
0.009350
0.005390
0.029630
0.007370
0.015680
0.004140
0.005270
0.028260
0.008080
0.018310
0.004130
0.004750
0.010490
0.029860
0.004750
0.003450
0.002550
0.011980
0.005310
0.028950
0.004600
0.005120
0.003660
0.010050
0.004450
0.005630
0.009500
0.010530
0.014910
0.007870
0.013040
0.005020
0.005970
0.005730
0.014600
0.004540
0.008360
0.015980
0.006320
0.009840
0.003840
0.009390
0.006220
0.007450
0.006410
0.006080
0.005420
0.006610
0.006540
0.017170
0.003930
0.005680
0.006780
0.023200
0.003760
0.006520
0.006440
0.003720
0.008700
0.004460
0.010550
0.008940
0.002240
0.006900
0.004980
0.003580
0.007490
0.004060
0.004290
0.011970
0.006020
0.004940
0.004470
0.003920
0.002320
0.008950
0.002190
0.009560
0.014460
0.008850
0.010320
0.005070
0.008990
0.003480
0.005660
0.006820
0.003520
0.006460
0.003040
0.009910
0.002930
0.005310
0.004440
0.003780
0.010640
0.003440
0.003250
0.002130
0.004130
0.003100
0.005240
0.002330
0.002210
0.002220
0.003080
0.002400
0.002600
0.009690
0.002420
0.003690
0.002370
0.002410
0.003580
0.003740
0.005250
0.003910
0.004230
0.005380
0.005560
0.019040
0.006850
0.004210
0.003170
0.004790
0.002550
0.009310
0.003410
0.002610
0.003810
0.006010
0.002720
0.004830
0.004370
0.003270
0.005140
0.012300
0.004950
0.004600
0.012180
0.005600
0.010630
0.007020
0.003010
0.008780
0.002780
0.006320
0.004830
0.004930
0.007650
0.010260
0.005770
0.017030
0.007540
0.015390
0.006860
0.003470
0.004520
0.002890
0.005920
0.020890
0.006170
0.008650
0.004350
0.007400
0.008340
0.013880
0.005950
0.008860
0.008290
0.008770
2.015320
1.019240
0.018510
0.003450
0.007210
0.014090
0.003160
0.014970
0.005170
0.006840
0.006800
0.008730
0.004400
0.004620
0.007540
0.003300
0.004030
0.005260
0.008190
0.007600
0.006580
0.014100
0.004660
0.015160
0.011200
0.007280
0.018200
0.010930
0.011460
2.087800
1.091580
0.096120
0.004980
0.013180
0.005600
0.006060
0.003700
0.004570
0.008280
0.006740
0.004600
0.003820
0.011000
0.005510
0.011910
0.009380
0.028990
0.013150
0.019310
0.007930
0.012190
0.006070
0.008190
0.003660
0.002620
0.006320
0.006310
0.025850
0.016130
0.004160
0.004070
0.006030
0.003700
0.011060
0.007080
0.010570
0.008450
0.041920
0.006000
0.005420
0.013710
0.008780
0.008130
0.006000
0.004660
0.007810
0.006260
0.008040
0.009870
0.003030
0.007860
0.005860
0.013170
0.011490
0.004380
0.003230
0.002650
0.002890
0.008350
0.006990
0.005020
0.004920
0.005710
0.009240
0.008890
0.004860
0.011940
1.013390
0.016510
0.014780
0.006700
0.005610
0.020430
0.008300
0.006480
0.023140
0.001610
0.004520
0.007810
0.005360
0.025810
0.003890
0.027600
0.015140
0.015270
0.017730
0.017170
0.004970
0.008730
0.005020
0.003290
0.007610
0.011270
0.018880
0.007250
0.004690
0.012080
0.007150
0.002830
0.007560
0.011340
0.009960
0.010270
0.005090
0.009700
0.017300
3.030450
1.039320
0.038240
0.014310
0.004360
0.003990
0.004210
0.012000
0.019600
0.007240
0.006470
0.004120
0.003510
0.010280
0.014210
0.005690
0.015990
0.018050
0.005980
0.013230
0.005490
0.002330
0.003610
0.027260
0.013230
0.007370
0.010980
0.003520
0.009580
0.005470
0.007190
0.003730
0.008200
0.016280
0.005250
0.010620
0.005800
0.010850
0.003710
0.011070
0.005940
0.008210
0.014670
0.010550
0.011250
0.004090
0.004220
0.005820
0.004400
0.004190
0.004720
0.011580
0.005110
0.004580
0.008060
0.006010
0.006270
0.008600
0.006810
0.012390
0.004560
0.004080
0.003720
0.004320
2.073520
1.070990
0.068200
0.004860
0.012090
0.004010
