0.034980
0.040610
0.041580
0.151010
0.164340
0.167100
0.164180
0.163430
0.161790
0.161160
0.159430
0.158430
0.156610
0.155710
0.154990
0.154000
0.152100
0.150990
0.150350
0.149400
0.147760
0.147100
0.146080
0.144960
0.142960
0.142290
0.141710
0.141060
0.146880
0.172120
0.197200
0.201280
0.203280
0.210320
0.213950
0.215940
0.213020
0.215290
0.215600
0.214090
0.212950
0.214170
0.214360
0.213160
0.210910
0.212760
0.213900
0.214920
0.214100
0.214950
0.216040
0.216830
0.216720
0.217950
0.219090
0.220020
0.219280
0.219800
0.220480
0.222300
0.224680
0.225210
0.225430
0.225750
0.224540
0.224140
0.223800
0.223140
0.221030
0.220680
0.218840
0.217510
0.214880
0.214530
0.214210
0.213770
0.211940
0.211520
0.211080
0.210750
0.209160
0.208640
0.208820
0.209580
0.210670
0.211760
0.213260
0.215220
0.217690
0.219400
0.221050
0.222670
0.223540
0.224350
0.226040
0.227210
0.208060
0.212530
0.214530
0.216470
0.217860
0.218860
0.195900
0.180050
0.170510
0.169260
0.001870
0.001820
0.002430
0.004610
0.005500
0.007200
0.008620
0.011720
0.013300
0.014120
0.011970
0.007260
0.006890
0.007140
0.006390
0.006060
0.005850
0.005530
0.004820
0.005140
0.002220
0.002240
0.007250
0.009570
0.013940
0.017380
0.019350
0.020690
0.021050
0.022460
0.021620
0.022550
0.023210
0.021950
0.020680
0.021360
0.022910
0.023960
0.021150
0.015180
0.014740
0.002800
0.087240
0.090930
0.093480
0.094160
0.098730
0.100700
0.100740
0.102910
0.105750
0.111040
0.112960
0.116120
0.115840
0.114710
0.113850
0.112900
0.110550
0.109590
0.108760
0.107970
0.105090
0.104350
0.103350
0.102590
0.100280
0.099410
0.098880
0.097790
0.095530
0.094770
0.093960
0.093110
0.092060
0.094770
0.097850
0.101400
0.104970
0.104940
0.105210
0.106160
0.105250
0.105620
0.106210
0.107280
0.104080
0.098970
0.084440
0.085930
0.006420
0.009220
0.013250
0.016310
0.009290
0.004930
0.008060
0.011670
0.009010
0.008660
0.007460
0.009450
0.013900
0.014460
0.017720
0.014540
0.011780
0.015110
0.005460
0.006680
0.002850
0.002260
0.002400
0.005760
0.012220
0.012590
0.012800
0.012720
0.010390
0.003510
0.002230
0.004140
0.002920
0.003150
0.002090
0.002580
0.001680
0.001860
0.001550
0.004490
0.004760
0.003200
0.004770
0.007350
0.003380
0.002580
0.001860
0.004230
0.002570
0.003590
0.004290
0.004080
0.003290
0.003690
0.006470
0.006880
0.009210
0.016470
0.020150
0.023890
0.026720
0.032660
0.036210
0.039410
0.079800
0.059160
0.058960
0.061300
0.063960
0.062630
0.110630
0.119580
0.123100
0.122410
0.124240
0.133480
0.134260
0.136150
0.138650
0.139390
0.139640
0.140260
0.140560
0.139720
0.142070
0.142820
0.144340
0.147110
0.147090
0.146170
0.142640
0.144380
0.146690
0.150690
0.152850
0.154160
0.158240
0.158580
0.160220
0.166840
0.171530
0.172780
0.174080
0.175610
0.176610
0.178080
0.179460
0.181350
0.182870
0.184500
0.186060
0.187820
0.172380
0.173060
0.170380
0.162460
0.162650
0.162090
0.165160
0.166890
0.168860
0.171900
0.173400
0.175520
0.178290
0.181380
0.181110
0.183200
0.184930
0.185740
0.187360
0.188620
0.189610
0.191040
0.192440
0.193950
0.195480
0.197490
0.199160
0.202400
0.208010
0.210110
0.212580
0.215090
0.219090
0.220680
0.222050
0.223640
0.226180
0.228000
0.227750
0.216040
0.043460
0.045100
0.046710
0.046790
0.046320
0.046510
0.045300
0.046310
0.049430
0.048960
0.070750
0.070640
0.068160
0.067990
0.066670
0.067890
0.070880
0.073750
0.077410
0.079820
0.081370
0.081810
0.083480
0.083560
0.077640
0.076170
0.074620
0.073100
0.072420
0.075180
0.077500
0.113250
0.111790
0.110740
0.109730
0.108700
0.098830
0.095710
0.113120
0.089450
0.086470
0.087330
0.085770
0.084350
0.089640
0.088880
0.090050
0.094060
0.092630
0.094210
0.093530
0.095730
