0.021770
1.031430
0.030280
2.348640
1.362630
0.361400
1.041930
0.040100
4.122770
6.757510
5.755310
3.752300
2.749170
1.745690
0.743550
0.010220
0.006770
0.005300
0.008800
4.563570
3.566050
1.567290
0.566050
0.005880
2.595130
4.110650
3.108340
5.544510
4.542740
3.540470
2.551120
0.549500
2.290960
9.251920
8.249680
7.247020
6.246440
5.245080
4.243470
3.255220
2.254290
0.252880
0.006220
0.008890
0.014210
0.004580
2.213890
4.450230
3.448550
4.688710
3.687290
1.694030
0.691620
2.279930
1.278490
0.275850
2.230880
4.504970
3.503880
2.512230
1.510780
2.138130
1.136290
0.133950
0.003970
0.220410
2.318400
1.320130
0.318480
3.273920
4.550770
2.547770
3.782480
2.784100
2.272280
1.273890
0.272470
2.250290
1.263490
0.260910
3.243440
3.476820
2.474450
4.835310
3.834800
2.832000
1.842970
0.841580
3.621650
4.938430
3.935970
4.252350
3.250670
2.254880
1.253790
0.250670
0.007710
0.012280
3.268620
2.272700
1.270690
0.009700
0.007030
0.018590
0.004260
0.231050
0.006780
0.029850
0.016170
0.003720
3.345720
1.348430
0.347410
0.004750
0.009470
0.011630
0.006550
0.006480
3.357000
5.393220
4.392780
5.428530
4.425690
3.423490
2.441800
1.439870
0.437480
2.415080
4.808980
3.805950
5.160470
3.158360
2.162640
1.159590
0.156340
0.004820
0.004660
0.009130
0.007270
0.004670
0.003560
0.004020
0.010330
0.998550
0.006050
0.010920
0.015680
0.007390
0.011030
8.419490
8.337910
6.335560
5.333390
4.330880
3.328450
2.325740
1.321990
10.319160
9.316840
8.314790
7.312830
5.310610
4.308750
3.306830
2.303920
1.301470
0.299890
0.010230
3.284000
2.282120
0.280010
0.281000
3.358760
2.356530
1.354460
2.748310
7.306870
6.305500
5.303600
4.301910
4.975840
3.975650
2.973570
1.972190
0.970260
0.007020
0.003540
0.005710
0.011190
3.354030
3.631830
2.629970
1.634780
0.633890
2.267850
1.275400
0.274390
2.217560
4.280530
3.278920
1.275950
0.273760
0.003230
0.623920
0.004810
0.005340
0.004690
0.003090
0.007180
3.390030
1.387420
0.385380
0.002790
0.003120
2.403870
1.405750
0.404360
0.004690
0.005950
3.270300
1.267230
0.264330
0.004770
0.004600
0.005380
0.009780
2.203830
1.215110
0.212750
3.157380
1.155940
0.153920
2.194040
1.197030
0.194440
7.618870
6.616910
5.614660
4.612060
3.614890
1.612830
0.611510
2.360090
1.368120
0.366020
0.005240
3.393030
2.390860
1.388550
0.395030
0.015420
2.294710
2.390850
1.388320
0.385170
0.005100
1.405620
0.404290
0.008740
0.004460
0.007090
3.418710
2.456810
1.453920
10.450150
9.447140
8.444540
7.442570
6.454030
5.451320
3.448530
2.445860
1.442600
0.440020
0.005950
1.615110
0.612320
5.890290
4.966740
3.965350
1.963130
10.960280
9.957740
8.955230
7.953440
6.950430
5.947370
4.945130
3.942780
2.940930
0.938030
0.007500
0.003880
1.761510
10.758930
9.755850
4.033230
3.032030
2.029780
1.026930
9.023700
8.020650
7.018920
6.015810
5.012560
4.009530
3.006310
2.003380
1.019070
0.018350
0.005340
6.826710
5.840260
4.837940
3.837250
2.836320
1.836480
0.835490
6.730100
5.732260
3.729970
2.727130
1.725180
0.721960
2.709560
1.706640
0.703470
1.723350
0.717400
0.021000
1.687330
0.686030
0.011420
6.385410
5.390890
4.388970
3.386530
2.385320
1.383310
10.381060
8.379200
7.376700
6.373810
5.371710
4.369530
3.367020
2.364410
1.362030
0.359450
3.184850
1.182800
0.179390
0.004590
5.613420
4.624240
3.622820
2.620380
1.618790
0.616700
0.004750
2.834810
1.832930
0.830460
3.787830
2.786340
1.784170
0.782110
5.815330
8.493150
7.490510
5.489060
4.486580
3.490030
2.488210
1.486000
0.484510
2.596740
1.592450
0.589020
0.005610
2.708980
1.709020
0.708360
5.094990
4.093070
3.091310
2.602200
1.599620
0.596760
0.003950
2.276770
1.273760
0.271230
0.005700
2.185420
1.183510
0.180110
0.007600
0.008230
0.009390
0.006630
2.196360
1.199720
0.198390
0.006310
0.004850
0.012730
2.143120
4.300050
3.298840
3.211960
2.211730
1.209180
0.205840
0.006350
0.003360
0.005310
2.157050
4.314320
3.312520
3.385740
2.384290
1.381550
0.379150
0.004330
0.004540
0.006490
7.516810
6.519280
5.517960
3.515770
2.512930
1.510180
0.508110
4.299060
3.297100
2.294200
1.309490
0.308210
0.005290
0.005100
0.004290
2.153030
3.312960
2.314170
1.326130
0.325010
2.142570
1.157060
0.153930
0.009100
0.003920
0.005570
7.595560
1.597020
10.603700
9.606470
8.604760
7.602980
6.601110
4.601750
3.600000
2.598160
1.596920
0.595140
2.975680
1.973780
0.971580
0.006580
1.574000
0.005890
0.003430
0.003210
0.005970
0.004970
0.004500
0.004640
0.003010
3.776390
4.006000
2.004520
1.003230
0.007030
0.008500
2.520970
2.017540
1.017590
0.016700
0.006520
0.003890
2.302410
4.299760
3.297810
4.659050
3.659930
2.658230
1.662000
0.659530
0.007660
0.007230
