0.011370
0.010110
0.025920
0.028050
0.032380
0.041760
0.051840
0.049120
0.051830
0.051690
0.055740
0.053240
0.052170
0.050250
0.049700
0.048410
0.046660
0.045290
0.043870
0.041620
0.038640
0.036620
0.031960
0.029680
0.026520
0.056870
0.069390
0.072500
0.081920
0.092850
0.088620
0.087350
0.086270
0.085960
0.085200
0.085260
0.084660
0.083420
0.082100
0.081930
0.081920
0.135380
0.135550
0.139680
0.144930
0.147890
0.155450
0.162050
0.170580
0.198000
0.202700
0.209400
0.215750
0.223600
0.226380
0.226790
0.226940
0.227630
0.226500
0.226510
0.226010
0.225430
0.225710
0.227160
0.225700
0.224070
0.224140
0.223790
0.222760
0.224220
0.223180
0.223490
0.223420
0.222280
0.220810
0.221110
0.220260
0.219870
0.221080
0.220200
0.221070
0.220350
0.221240
0.220150
0.218190
0.216900
0.306770
0.310860
0.314910
0.316810
0.316520
0.323220
0.325750
0.341310
0.346120
0.353770
0.355810
0.359020
0.354330
0.351730
0.357090
0.356270
0.355620
0.353840
0.348130
0.342660
0.339600
0.342030
0.343430
0.345200
0.344880
0.346460
0.349820
0.350190
0.350560
0.348190
0.346690
0.345390
0.350280
0.352260
0.354670
0.326920
0.320980
0.323970
0.323110
0.324400
0.329380
0.328230
0.326880
0.327360
0.326450
0.204540
0.201210
0.198070
0.196260
0.194230
0.194200
0.195710
0.195760
0.196350
0.195370
0.194760
0.194690
0.193700
0.189820
0.181930
0.179220
0.178430
0.179210
0.163740
0.162680
0.163630
0.164090
0.165030
0.165250
0.164530
0.164300
0.164740
0.165400
0.164860
0.165820
0.165890
0.168840
0.169440
0.169030
0.169780
0.170270
0.170430
0.170880
0.170630
0.169520
0.170430
0.170230
0.172760
0.172760
0.173820
0.174390
0.174810
0.175790
0.176020
0.177460
0.178450
0.178660
0.179950
0.180280
0.178680
0.179340
0.179830
0.179580
0.181220
0.181080
0.182670
0.184600
0.191150
0.192870
0.193330
0.191220
0.190620
0.195870
0.203680
0.203740
0.192110
0.190670
0.189340
0.188320
0.187330
0.183410
0.182510
0.184600
0.185440
0.177920
0.176810
0.183540
0.194160
0.190220
0.189320
0.187790
0.184360
0.192380
0.191620
0.186050
0.185270
0.184140
0.183340
0.180960
0.180130
0.179160
0.196530
0.195030
0.194260
0.193350
0.192590
0.190300
0.194070
0.193130
0.192360
0.189870
0.189010
0.188020
0.187210
0.184860
0.184010
0.183050
0.182220
0.179760
0.178910
0.177930
0.177110
0.174580
0.173660
0.172390
0.169330
0.159420
0.128810
0.127030
0.120650
0.117820
0.116840
0.114240
0.113370
0.111990
0.097130
0.090540
0.085380
0.082530
0.080970
0.071660
0.070510
0.061170
0.060230
0.059220
0.058050
0.057200
0.054410
0.051050
0.048730
0.095930
0.095510
0.092000
0.092390
0.089890
0.092020
0.087870
0.082190
0.082170
0.084690
0.066220
0.064440
0.062810
0.060460
0.057920
0.056710
0.055470
0.051590
0.048630
0.048630
0.044610
0.043600
0.041960
0.039500
0.037920
0.036250
0.047240
0.054820
0.060920
0.059190
0.035170
0.034990
0.034820
0.025910
0.020150
0.012570
0.038860
0.039030
0.037880
0.028720
0.093120
0.081920
0.076990
0.078170
0.074880
0.070810
0.027170
0.028770
0.028890
0.031490
0.034300
0.037350
0.038260
0.040690
0.042320
0.043530
0.044280
0.044850
0.043730
0.048060
0.056870
0.059200
0.063460
0.062540
0.059810
0.058160
0.056840
0.055020
0.049490
0.047440
0.072180
0.062010
0.064480
0.069300
0.075300
0.078700
0.078420
0.075010
0.074990
0.074440
0.073230
0.073310
0.073250
0.073020
0.072920
0.072260
0.072010
0.071440
0.070890
0.077820
0.076540
0.075190
0.073840
0.071990
0.070600
0.072450
0.071770
0.071740
0.071510
0.072620
0.078350
0.076870
0.075890
0.075000
0.072720
0.070790
0.069540
0.068320
0.080140
0.093550
0.091720
0.089830
0.088770
0.087520
0.080010
0.073840
0.054820
0.053340
0.052490
0.051380
0.047890
0.042800
0.037900
0.033360
0.028990
0.026580
0.025120
0.023990
0.022860
0.027720
0.013870
0.019980
0.023020
0.021670
0.019340
0.017280
0.015190
0.013190
0.014250
0.020830
0.022610
0.021710
0.021550
0.021120
0.019350
0.021290
0.021340
0.020920
0.020710
0.019110
0.011200
0.007970
0.002660
0.004540
0.008020
0.008460
0.007840
0.007370
0.006110
0.026440
0.029920
0.029150
0.027110
0.025520
0.030080
0.030070
0.077160
0.077620
0.080120
0.082220
0.088040
0.089070
0.093900
0.095100
0.095620
0.087710
0.087230
0.087670
0.087180
0.088320
0.094630
0.094860
0.096850
0.096720
0.096840
0.096610
0.096070
0.095810
0.095900
0.095240
0.095610
0.095360
0.094160
0.093840
0.093540
0.094050
0.093730
0.093400
0.093190
0.093190
0.092840
0.093880
0.093800
0.093430
0.093580
0.093200
0.092830
0.092410
0.092180
0.091780
0.091770
0.091440
0.090860
0.088630
0.088050
0.087770
0.087480
0.087340
0.087050
0.086640
0.091810
0.092930
0.093360
0.094470
