0.019790
0.027370
0.034310
0.047260
0.067710
0.088300
0.107150
0.131060
0.135220
0.143610
0.139590
0.148670
0.154650
0.155510
0.153830
0.152710
0.165300
0.175670
0.183640
0.191770
0.199490
0.204290
0.203490
0.202000
0.200540
0.229730
0.225910
0.224630
0.220500
0.216560
0.213220
0.210740
0.209490
0.208480
0.207700
0.206330
0.204700
0.202510
0.201600
0.200610
0.199590
0.198300
0.197090
0.196700
0.195990
0.194840
0.193040
0.163150
0.161320
0.160480
0.158340
0.156680
0.154010
0.153030
0.150910
0.148900
0.145400
0.142120
0.141290
0.139760
0.138610
0.137820
0.136890
0.134650
0.144380
0.151270
0.167860
0.167700
0.167480
0.166230
0.164430
0.163330
0.163410
0.163040
0.163340
0.163360
0.163020
0.162790
0.162540
0.161490
0.161360
0.159120
0.158780
0.182560
0.183380
0.178570
0.178640
0.178110
0.178020
0.176770
0.176830
0.177140
0.177780
0.176900
0.177900
0.177860
0.177620
0.176980
0.176390
0.279160
0.280780
0.285060
0.286330
0.288440
0.289040
0.289350
0.293150
0.292960
0.299460
0.299810
0.301280
0.300860
0.303560
0.303950
0.304580
0.308090
0.308280
0.309770
0.309860
0.311210
0.311770
0.313510
0.316470
0.321100
0.324230
0.325750
0.329530
0.332310
0.335620
0.336320
0.336950
0.339760
0.338720
0.337140
0.337360
0.337040
0.335960
0.335140
0.334760
0.334830
0.336320
0.336650
0.337500
0.337330
0.336830
0.338010
0.339820
0.339880
0.340170
0.342220
0.343760
0.344830
0.345030
0.349180
0.352250
0.354620
0.355240
0.355290
0.354730
0.357620
0.358970
0.357120
0.357770
0.358110
0.358730
0.363610
0.367370
0.367280
0.366700
0.366660
0.368750
0.368070
0.362180
0.362950
0.361400
0.360210
0.359900
0.361000
0.362150
0.362300
0.363030
0.362880
0.362540
0.362920
0.364700
0.364430
0.365810
0.365870
0.366340
0.370050
0.372200
0.371880
0.372930
0.372050
0.372040
0.371870
0.368010
0.360730
0.359210
0.360830
0.360730
0.361690
0.362080
0.363100
0.363090
0.361740
0.400200
0.400500
0.401300
0.401330
0.400830
0.400160
0.399730
0.400070
0.392870
0.395210
0.394380
0.394750
0.395120
0.395010
0.395050
0.397350
0.398270
0.397960
0.398080
0.398050
0.397670
0.398740
0.400150
0.400990
0.401750
0.401280
0.401950
0.402680
0.404800
0.407540
0.407050
0.406380
0.407310
0.407940
0.406930
0.406300
0.405220
0.404290
0.403710
0.403050
0.401720
0.400780
0.399610
0.398340
0.396960
0.395050
0.394480
0.392950
0.391830
0.391230
0.390580
0.389020
0.379580
0.376750
0.375880
0.374780
0.374180
0.372380
0.371920
0.370810
0.369870
0.369030
0.368820
0.368180
0.365970
0.365820
0.365060
0.364460
0.363930
0.364180
0.363660
0.362830
0.361790
0.361030
0.361450
0.360780
0.360200
0.359380
0.359360
0.359500
0.358850
0.360560
0.412520
0.417900
0.418060
0.423120
0.426710
0.431870
0.430610
0.430220
0.429950
0.428960
0.428080
0.428590
0.430190
0.429570
0.430770
0.429030
0.421360
0.419810
0.419950
0.419170
0.420610
0.419660
0.418360
0.417090
0.415610
0.414920
0.414210
0.412980
0.412300
0.411590
0.410360
0.409140
0.407910
0.404990
0.403530
0.402060
0.400600
0.399090
0.397540
0.396000
0.394460
0.392690
0.388600
0.387020
0.385320
0.383720
0.382190
0.380730
0.379180
0.377710
0.376190
0.369490
0.367710
0.367970
0.368250
0.368590
0.370500
0.433670
0.432820
0.432200
0.431590
0.430710
0.429950
0.427610
0.426110
0.424330
0.422720
0.423030
0.449140
0.446590
0.446430
0.440400
0.439580
0.437190
0.436640
0.439010
0.438190
0.437100
0.436600
0.436370
0.435240
0.433630
0.491870
0.494390
0.511310
0.511230
0.510740
0.512810
0.518600
0.520680
0.524600
0.526840
0.456670
0.455480
0.452050
0.451080
0.448150
0.447190
0.442780
0.442750
0.438920
0.436860
0.435420
0.435930
0.429980
0.430240
0.430860
0.430510
0.430560
0.422780
0.423480
0.424770
0.423880
0.415720
0.416230
0.368990
0.369470
0.389040
0.387750
0.386260
0.374420
0.372400
0.368810
0.364490
0.363190
0.361920
0.359970
0.357800
0.355420
0.353700
0.348470
0.346190
0.342740
0.340650
0.339680
0.338510
0.349820
0.348640
0.348620
0.348170
0.347700
0.346100
0.345540
0.345150
0.344180
0.343850
0.345470
0.353340
0.355170
0.358180
0.356580
0.355120
0.361510
0.361970
0.361420
0.371470
0.372330
0.371360
0.369750
0.369720
0.370980
0.371610
0.372750
0.373680
0.373760
0.360700
0.355230
0.354800
0.350780
0.350140
0.348720
0.347270
0.347060
0.346150
0.345920
0.345410
0.345090
0.344520
0.344190
0.344480
0.343500
0.344300
0.343950
0.343450
0.342560
0.342160
0.339030
0.329860
0.329010
0.328050
0.327400
0.327780
0.328530
0.332920
0.332200
0.334030
0.334350
0.335550
0.336510
0.336570
0.335910
0.339710
0.339630
0.339160
0.338320
0.337680
0.338460
0.338340
0.337640
0.337110
0.336630
0.336220
